33313333.

Plautus. Plautus.

Bacchides Perse
1, 8,88 (184) 188 111, 1,88(888) 188
111,8,88 (481) 141 1ν,8,18(488) 148
lv, 4, 188 (888) 148 48 (818) 188
Captivi ,4, 88 (888) 148
1, 8, 88 (188) 848 v, 3, 33 (848) 188
11, 1, 43 (140) » 133 Poenulus
3, 8(888) 181 111,8, 88 188
111, 8, 8(818) 148 88 1884111111
v, 3, 8888) 188 lv, 3, 11. 333
Caeinc,L1'icken 38111111. 81 31 141
prol. 33 188 88 188
73 117 V, 3, 83 303. 333 111111*
11, 8, 88 188. 148 88 188
18,4,8 1181. Ρ8811418188
11,8,8 ’ 188 1,1,184(188) 148
8, 18 881 8, 88 (888) 148
Curculio 144 (318) 130
. 11, 8, 81 (848) 188 8, 88 (488) 188
V, 1,11 (313) · 133 Rudens
Epidicus ll, 3, 8 (313) 133
111, 8, 88 848 111, 8, 88 (818) 188
Menaechmi IV, 8, 10 (1138) 138
V, 1, 33 (131) v308 Stichus
8, 81 (1888) 848 11, 8, 48 (881) 311
8, 88 (1188) 88 18,8,8(888) 8181.
Mercator Trinummus
V, 8, 81 (888) 148 8, 8, 118 (188) 8. 1881.
Miles gloriosus 11, 4, 8 (401) 88
1, 1, 14 818 88 (481) 888
88 r. 888 188 (888) 88
111, 1, 88 (848) 148 181 (888) 188
8, 88 (848) 8881. 111,1,88 (881) 181
lv, 8, 14 (1188) 148 8, 88 (888) 88
3, 13 (1311) 188 lv,1,1 1881.
Mostellaria 1-33 (330-41) 14811.
11,1,88(888) 148 8-11(888-81) 1481*
111, 1, 188 (888) 148 81, 88 (848. 41) 148
8, 88 (888) 148 8, 88 (884) 188
88 (884) 844 8, 18 (1881) 818
188 (818) 188 V, 1, 8 (1188) 88 Arm·
110 (331) 143 Truculentue
ν,8,88(1188) 148 11,4,8 141
Perse l, 1, 88 (81) 1. 179 91 117

 

